,0
0,photovehement
1,mxgeorgewhite
2,gibson8
3,thari
4,sahil66
5,brettthousand
6,shivanshk
7,nickypanebianco
8,aliather
9,akajk
10,joelhaver
11,filipe_furtado
12,masuddevilliers
13,rafifns
14,pudgymccabe
15,uncutgems
16,aleeeh
17,uzair_korejo
18,prazeet07
19,drippygami
20,arighna
21,santanu_
22,frankritz
23,rubaab
24,asiacastillo
25,ahmadmovahed
26,abhi_jais
27,popcornideology
28,iamsahin
29,haydenwelch
30,vedant_bansal
31,aqrab
32,mahiradib
33,diabolicaldrz
34,sampaa
35,teresamaravilla
36,ozymandias64
37,blackbolt007
38,varghese_no1
39,harigovind
40,hershwin
41,jacdeswilliams
42,liz_17
43,whatalife
44,cinema_made
45,george_wu
46,filmninja27
47,mehtab19
48,kashyf007
49,ifraabid
50,hanzilah
51,rabiairshad
52,kurthimself
53,musstaffa
54,punq
55,6travisjohnson
56,ahmedraza000
57,mohsin69k
58,younes236
59,johncassavetes
60,madskv
61,abbyssen
62,jaxbrokenheart
63,afracious
64,akashsuresh212
65,elcochran90
66,silentdawn
67,eric_peartree
68,movierater33
