,0
0,petertravers
1,bowenyang
2,caseymalone
3,avitalash
4,geoffreyjames
5,marikaelon
6,risto
7,jowrotethis
8,demiadejuyigbe
9,zanderwithaz_
10,jhillner
11,hdtgm
12,j_overstreet
13,newcomers
14,gutworms
15,joshuacurtis
16,cyeg12c
17,outkastatlast
18,rowan2219
19,curvyqueer1994
20,brendonyu668
21,walkthecinema
22,dixinormas
23,resulonrsl
24,92nathan
25,onur06
26,shounencrybaby
27,brat
28,lilfilm
29,jimmycthatsme
30,davidlsims
31,crew
32,janusfilms
33,brofromanother
34,purecinemapod
35,indiewire
36,theavclub
37,alan_sepinwall
38,notpaulinekael
39,rustypaul
40,filmindependent
41,netw3rk
42,akdobbins
43,criterion
44,mattgourley
45,soderbergh
46,boasberg
47,chrisryan77
48,paulscheer
49,seanfennessey
50,smward2
